[{'999': {'genhyperbolic': {'p': -1.7108655829306705,
    'a': 1.7764875339517026,
    'b': 1.692635230961562,
    'loc': 75.43246077719135,
    'scale': 73.22863021756893}}},
 {'ED_urgent': {'loglaplace': {'c': 2.0248318227546918,
    'loc': -0.5672302769617932,
    'scale': 210.00060725050804}}},
 {'ED_non_urgent': {'mielke': {'k': 1.3126008151440165,
    's': 5.376618841369049,
    'loc': -1.3191526792840762,
    'scale': 270.1433796170536}}},
 {'IUC': {'invgauss': {'mu': 0.6718433372150878,
    'loc': 0.8620179603937571,
    'scale': 14.403320706895334}}},
 {'IP': {'pareto': {'b': 1.6263518932875833,
    'loc': -3609.4080716,
    'scale': 3970.4080715999994}}}]